[location]
latitude=36.465257734376407939
longitude=-6.20530535896
height=98.2496715541929

[adjust]
x_pole=0.2707
y_pole=0.2653
leap_secs=37
ut1_utc=0.01150

[meteo]
temperature=19
pressure=1016
humidity=0.75

[observation]
start=2023-11-02T18:00:00
end=2023-11-02T22:00:00
limit_el_min=15
limit_el_max=80
increment=1

[stars]
#Name=Catalog,star_num,ra,dec,pm_ra,pm_dec,parallax,rad_vel
"alpha Lyr"=FK6,699,18.61564915,38.78368981,201.7,286.67,128.93,-13.5